Ι 11101111101111. 551
11101101101100. 10011111. 1111101111. 0110001111111115.

180. 8001010. 087.
8888880 8118818880. 10111000 88Ρ188118 PRINCIPIS. 11010. 710101.
, VII. 144. Albinus. 180. 80011111.189. 8111. 85. 000110000011107.
8888811811.10111εο1711811459. 8811118111 8118111811 80118180.
0111011111 001111. 110000.ρο 11111. 00100011111111. 107.
81130711001110000350. 11010010· 8111111118 11881818. Constantinus
1101. 381. Volusianus. 388. III. VIII. 87.
888. Sex. Pompey'm. 81. 07. 881111. (118) Μ. 1111101101. 811. 64. com.
8888810811818888188810110010. 010001. 108. 107.
8111. 100. 88111118. 1001001000811. 5.
888818 8880. 81 88888. 88818 888. 0118. Commodus. VII. 101.
(001 FELIX) KAR'I'. Diocletianus. 8888111188 8800018860. Gordia-
8111. ιι. 01000111. 0011. 0111. 811. 300. 1101100101. 349.
888818 8808. 81 88888. 01111011· 110111110001. 353. 8101010010. 8111. 88.
ms 181111. Max. 11010. VIII. 03. 88881111. 0118. 8010100000811. 101. ·
88888. Nero· 81. 077. 0100101170. 888881188181118188. 8010011110. ¹.
88888 880. 11111001 711. 811. 480. VII. 199. 000. 8010010111. 400. Pro·
Ι1710011101 Goth. 473. 101. 500. Gal. 1100. VIII. 37.
88888 8888811. 11010. ’81. 157. 8888811811 1811181888. Cara·

· 88888 880. NOS'IIII. 800110011οε 11. 00110. 811. 007.

. 8111. 117. 8888811881. 11. 0110. 81 300. 11·
88888 GENERIS 88118111. 1109101101. 1011101. 317.
81. 98. 108. Galba. 097. caracalla. 88881111. PVBLICA· 11. 1111101101. 811.
811. 019. 80. 110001101110001. 8111., 104.
88888 11818111. 01711101.8111.198. 8888111188 88188881888. 110001·

§ms 1101100111111. vonum.. 100111.. 1111. 111. 0100010. 133. ’

’ 811. 445. , 10010001. 147. ,
88888 8808881888. 800110011οω 8888111188 1811108811.ΜοΜο111.
11 VIII. 8810011099. 811. 039. “
ems 11 010101 0010110110 111111111111111101111010..
101110100011. VIII 009. 81. 097.
1111111100. 1011001010. SENATVS 0011111910 nom.
888811 8888811. 1011000101 VII. NVS. 11010001. 81. 431.
158. · 110118800011118.10111101181317
888811 88888108. 81. ,40101100 88811811 FELICITER. 1011010. 8111. ’
811. 49.. 318. ·
8811881188 881011. 0101001111.100111010011111110. 1101110001.
090. 811· 100. ,
881881. ,1180 8081 8880888811110· 8811811111 80118811. AVG. 8010010001.
9010109811. 049. ¹ 811. 108.

 

